-1203.07 600.961 1042.07
-1191.98 558.348 1053.99
-991.881 176.1 1380.66
-973.927 -253.917 1358.39
-1007.26 578.232 1406.5
-958.873 -385.765 1376.01
-990.98 462.337 1435.31
-938.271 -653.299 1387.28
-948.805 -259.591 1423.84
-926.001 -829.612 1393.17
-933.11 -488.221 1428.56
-979.038 578.217 1503.31
-944.463 45.2997 1502.5
-903.709 -920.466 1440.03
-932.594 -120.251 1505.63
-901.843 -797.903 1466.42
-905.819 -661.481 1479.62
-911.721 -511.881 1490.66
-973.281 762.914 1584.98
-912.677 -271.523 1544.51
-879.166 -903.316 1522.32
-900.708 -386.163 1563.52
-879.314 -768.317 1552.38
-915.897 -37.955 1602.8
-866.148 -821.673 1596.31
-898.993 -163.859 1653.15
-884.285 -389.061 1649.32
-930.475 368.157 1701.2
-954.573 766.036 1742.15
-941.942 570.154 1730.8
-848.333 -917.678 1667.54
-889.07 -170.444 1737.56
-859.065 -634.774 1721.09
-904.751 82.6292 1772.64
-848.778 -816.103 1712.2
-923.042 348.83 1796.23
-928.881 435.207 1805.3
-896.432 -34.7634 1773.33
-917.224 269.925 1800.1
-940.001 597.562 1855.77
-870.52 -393.413 1786.47
-838.379 -907.174 1775.38
-884.992 -167.436 1828.26
-873.524 -333.695 1818.28
-863.839 -474.237 1821.87
-950.227 719.12 1913.63
-905.436 112.498 1877.29
-929.436 427.9 1908.54
-845.155 -761.762 1834.94
-916.892 251.979 1914.39
-853.249 -629.397 1848.41
-833.995 -949.978 1827.41
-958.594 767.131 1981.72
-895.532 -45.466 1922
-874.711 -325.486 1900.59
-927.744 342.164 1976.02
-865.974 -459.702 1912.23
-949.334 583.057 2018.36
-914.847 121.693 2006.34
-856.996 -627.255 1948.58
-873.34 -403.318 1966.77
-842.967 -845.35 1940.33
-902.831 -37.4397 2003.89
-848.177 -774.335 1952.94
-893.114 -175.476 2003.96
-839.694 -918.717 1953.92
-949.641 445.35 2089.09
-933.723 243.757 2079.23
-875.772 -470.104 2028.28
-980.777 752.752 2138.78
-920.331 40.532 2085.61
-969.249 602.011 2136
-947.141 341.344 2115.01
-911.391 -65.8647 2078.58
-852.092 -842.481 2024.5
-904.875 -170.848 2083.45
-889.328 -410.346 2087.64
-878.436 -563.741 2081.87
-971.283 439.4 2195.1
-857.597 -919.055 2082.58
-875.356 -689.576 2105.49
-865.387 -827.384 2096.34
-868.541 -793.13 2102.08
-993.391 599.551 2237.42
-907.841 -347.564 2155.23
-940.967 16.2988 2190.87
-920.392 -209.359 2168.76
-966.029 237.013 2227.99
-1033.28 801.417 2322.29
-1022.62 678.239 2315.06
-888.327 -755.794 2178.26
-948.312 -79.3373 2241.14
-909.808 -499.924 2201.42
-940.299 -181.477 2236.38
-875.892 -950.063 2171.28
-931.615 -338.719 2242
-965.662 11.4095 2278.46
-925.932 -456.309 2247.45
-899.464 -849.851 2235.1
-1041.02 227.887 1273.19
-1013.36 368.987 1355.16
-986.428 -94.1234 1352.16
-987.22 31.1332 1369.72
-1088.08 2109.04 1436.48
-1079.9 1982.34 1440.2
-1040.7 1209.82 1418.45
-1072.14 1867.57 1444.88
-1022.15 882.164 1416.08
-1015.87 765.058 1414.3
-1049.83 1463.53 1439.56
-1046.65 1634.46 1492.83
-1010.32 1007.25 1483.3
-1014.59 1134.33 1497.72
-1022.83 1299.62 1506.88
-1000.12 877.566 1493.47
-1046.54 1761.1 1528.92
-1060.6 2096.64 1564.53
-1051.9 1979.79 1574.72
-1016.55 1448.04 1585.65
-1005.52 1266.57 1582.51
-1025.97 1631.68 1600.38
-1040.64 1890.66 1614.66
-1048.15 2084.49 1654.92
-1041.06 1972.94 1656.17
-992.458 1164.1 1623.94
-1027.48 1757.79 1653.98
-957.775 577.524 1604.03
-945.448 374.373 1597.5
-971.541 865.533 1636.56
-976.937 982.697 1652.47
-1014.17 1630.35 1709.94
-988.567 1217.06 1687.7
-1034.63 1969.18 1745.82
-1041.17 2081.63 1764.1
-1025.8 1842.4 1757.29
-981.492 1201.46 1807.81
-1034.05 1963.55 1866.69
-1019.08 1747.63 1854.04
-987.635 1289.22 1825.32
-1042.77 2082.43 1886.79
-965.964 976.316 1817.07
-1012.53 1629.13 1891.2
-997.99 1424.05 1882.65
-1033.35 1894.33 1933.75
-970.523 1032.77 1887.59
-993.263 1295.64 1952.97
-1019.31 1615.87 1991.39
-1035.68 1816.13 2011.18
-1003.44 1398.32 1985.13
-969.06 954.315 1953.39
-1048.56 1922.95 2053.11
-1060.19 2064.64 2065.75
-978.665 1040.31 1993.12
-991.873 1195.05 2011.96
-1034.3 1622.6 2096.54
-1025.5 1411.12 2128.49
-1058.58 1774.63 2167.58
-1004.82 1181.91 2106.64
-984.225 945.721 2084.78
-1052.71 1692.13 2167.18
-1073.65 1911.11 2192.64
-1016.23 1283.28 2127.55
-1088.86 2061.79 2213.33
-1083.85 1867.15 2245.86
-1058.73 1604.37 2219.86
-1009.86 1048.58 2178.42
-1035 1282.19 2214.09
-1092.17 1764.97 2300.07
-1031.13 1176.74 2228.3
-1122.85 2053.87 2335.83
-1105.89 1875.59 2319.55
-1001.89 822.294 2210.58
-1087.22 1606.31 2319.22
-1066.81 1420.92 2295.31
-1018.18 933.577 2243.21
-1037.84 1041.99 2284.09
-1071.7 1289.56 2337.8
-1064.08 1165.97 2340.36
-998.329 444.265 2288.32
-988.706 342.714 2281.3
-954.654 264.46 1520.57
-948.735 161.489 1517.63
-921.362 74.8574 1618.51
